33843
10635
43215
20562
604
52703
33511
33510
38950
16076
54669
4239
53972
25677
3857
1747
38122
58817
28235
65407
20811
29492
32795
17187
24238
24777
50687
11237
9545
26252
41291
10345
12439
52472
60621
12932
20951
6546
58149
59460
49152
28831
61010
11476
39002
45097
6307
27094
36488
26046
1248
41345
22586
52998
23205
59449
55677
53380
43111
44914
8847
4610
3077
15185
0
61578
22326
18363
3991
55586
7975
18976
37299
11679
55737
53713
14130
33055
32385
21186
51613
59758
41738
44823
14377
27122
27724
1935
65456
59036
12531
12177
36281
37706
840
43949
33170
11632
26966
61039
11166
17657
30769
13209
40668
23526
25564
33024
46248
6505
15965
986
63763
11139
52723
63231
24921
16671
29693
7316
45326
18061
52940
6218
35381
65123
19078
4902
62676
6602
15455
35292
62464
63503
2713
22750
45031
10064
32640
9107
2788
39238
6602
26097
47542
59446
38322
49207
24021
16714
52481
7237
4766
21736
7988
43344
47213
40584
55551
25705
54653
39967
33498
3061
57430
44737
35690
24856
46137
29788
6198
15655
12013
48775
23442
1172
23408
52636
2288
7017
23926
32152
11158
30345
11358
39715
46714
7630
28540
39279
56325
17287
38997
17678
20823
25679
17045
23939
16483
48027
65407
0
20139
3621
5823
61795
1019
52051
20137
23450
19999
16464
16596
63532
44951
38367
22647
2336
18485
56901
28461
50049
32922
38405
64690
54306
61570
56266
40752
9306
62365
20492
49090
50049
12602
64239
17455
14555
15673
45266
55303
32640
56683
63161
58828
13239
29955
14660
27788
20858
33009
39713
32784
20942
45788
55465
58090
47827
31075
14800
50049
45193
53948
37816
2499
25672
37365
15978
46484
61486
22287
55298
5922
18547
39904
19143
6290
56979
38371
2711
33345
32374
5042
60223
53084
32640
57283
62409
22788
54750
65506
15815
29408
32292
36369
42836
5728
18258
22052
32639
20818
23029
63189
2049
31205
47831
35761
56706
8922
59931
17946
43703
52643
25264
33605
53362
57221
48433
35887
51886
48958
12799
38994
42723
58760
38828
60340
46271
40160
29459
16403
13651
13563
46768
30552
60482
44185
48158
6057
21968
50438
31074
13753
53423
11564
31883
48681
33942
57157
56934
4570
62921
58800
57632
0
36261
39314
53056
23551
29952
1400
35405
33868
967
17410
25598
25145
1112
48997
21126
39944
5569
31762
52248
53741
65408
50384
37430
17936
53347
10725
6460
14896
48113
61758
16743
37553
871
11798
49166
11269
56291
24721
1228
41835
39673
58493
34437
51493
30451
65407
42098
26990
20687
60423
34679
35102
32198
62598
33016
41093
39313
56719
12864
23018
46363
38147
42947
48834
46666
4524
8093
30153
9224
19338
32361
27730
36225
54938
65164
32639
17179
16164
18153
36352
57931
6602
31958
27661
27132
13243
40708
59911
36298
45093
42029
62154
11931
31013
4106
19367
30060
46639
65408
42915
32253
1794
2675
6602
23179
16857
5709
54997
29534
28953
17835
41263
63564
45517
50208
37809
37218
56009
11951
30772
50485
398
32306
20652
39827
21059
23244
63474
57239
42987
1373
57631
22435
59658
46955
3685
28446
39257
17525
62392
54819
44459
9214
21646
12295
62020
38883
18464
38824
21536
38590
48221
63659
55152
41722
10611
30712
1664
33690
47036
60415
3654
6602
6424
41149
3806
21534
14065
16795
3045
56228
52621
39973
14015
48385
28249
19237
13158
36537
9229
32639
58039
54444
19675
365
48028
4839
5430
31006
36169
16633
22805
19392
40721
39786
35375
7889
0
31056
6831
17884
17079
1906
55350
29428
62205
30494
41324
7214
57364
7912
32806
43720
53648
51210
35559
40065
23806
51043
44908
3140
28617
33302
31943
17272
6231
14011
32789
32281
49126
31722
56248
36837
40310
12130
53004
65408
6955
23441
39095
23657
44685
12903
27472
63320
26612
20120
44956
33910
16723
31126
2626
61897
18878
13875
14476
12800
16577
46502
46924
43342
13688
50577
39552
14666
2220
33460
57569
32361
22911
44982
15485
21271
13676
50727
48173
31341
18683
35963
45701
63088
28424
28898
0
43995
42668
52436
51379
21411
8559
13177
52316
23859
22428
521
29523
14815
15593
372
22086
52405
25134
807
23253
5351
41078
44253
20472
58679
23009
53173
5825
35612
58582
49211
50049
41606
42349
48660
45458
1447
17545
28089
40164
59064
50349
2391
14206
60251
45165
12623
61534
6602
43458
62094
10126
58850
28631
32639
64235
3125
25082
11155
26095
62364
8789
64955
4299
54649
15471
58194
47339
55336
55329
58551
37313
46446
30599
9345
37162
43566
54412
30085
40793
23965
59331
34032
8803
13278
33842
25147
27658
22657
2936
10507
65408
50762
62755
41439
1484
6868
32982
59739
8049
37814
52369
5887
16536
19919
296
21189
16901
31501
38324
18300
1362
50416
26034
29461
44248
30338
57105
26323
4057
11146
17950
35558
12457
30416
9093
20112
47805
46596
29713
54980
54756
16643
61993
29433
11066
17738
7576
14914
973
3105
47619
61606
32343
4563
59905
59670
41862
11891
30996
34817
20843
32672
52002
38141
29903
41997
30367
10066
61537
44864
40548
49694
19516
19484
30547
51630
54079
4474
58555
40015
1362
16479
56201
13300
42756
47958
64617
65475
6642
37766
6938
32287
44901
38198
47815
43371
21639
50396
17484
8015
31350
26797
38763
4213
56728
19932
16415
23873
3420
15603
7527
10756
52489
44412
49063
44312
29689
29982
25401
40023
61135
22368
48869
35596
12100
54933
10855
31881
58246
13939
24124
1508
47501
63700
630
59794
54229
18388
33868
27064
58389
1122
14785
27393
5066
53946
39228
26711
55228
37129
15386
59218
31323
38411
0
13305
6200
34812
40085
59120
39278
64352
36647
37552
44706
55749
47680
51654
15613
34356
37869
25760
22997
50345
8207
30123
29867
6602
57108
43865
23569
19669
65408
57711
37875
53510
34992
6092
27892
32865
47418
44384
39709
22655
15365
40618
49742
46627
1062
49066
31238
11907
38169
13115
36315
19808
33076
5242
60735
47827
48303
59334
63678
42258
26050
41102
2616
42244
55405
60306
46228
6489
12455
55572
49931
43596
37227
38862
20286
56232
15531
31697
31844
41304
52503
54829
24661
9101
30646
2510
3000
5980
59863
65408
54318
26471
43820
34711
55140
3089
38906
59419
28278
47835
6919
20085
65090
62299
32640
38186
65475
4129
52804
24112
35355
18978
12161
54913
3505
15618
13210
35730
40597
38018
4787
3060
3363
23048
50212
56549
22526
55865
30589
54513
36264
33261
46186
5561
26301
61931
29116
1618
49882
43359
50305
46537
34543
29167
35594
14853
5342
62256
17926
64639
7329
65040
42430
10854
9451
34121
394
36989
57849
4112
1754
36808
6389
29428
26348
57242
21814
45275
19478
18005
11540
18789
42958
40613
730
15255
45505
17401
12037
40017
38181
65408
43670
5366
41483
8007
45739
34555
61804
64545
56381
62825
62803
31118
37901
28182
38939
8086
9076
28255
65408
2558
15445
10294
50532
62838
39233
39499
22825
12951
46065
32640
44442
25853
13056
22515
7613
49749
48489
32639
10984
37099
47974
26212
24621
6030
39208
26516
13563
28363
29126
64229
58535
43771
33019
32973
6809
15730
4414
21952
13982
52810
19933
34906
42114
48511
7891
52774
48507
62117
37263
31860
55795
38787
15851
47521
65408
59861
24221
12960
9335
46246
57899
56324
28063
32023
27811
28278
56635
26907
36276
51062
61584
39179
14556
59328
32480
17755
1239
22517
36302
8197
37584
14833
59877
28017
12822
8260
23752
44954
51192
19179
29354
62672
5967
42422
22930
38662
3923
62625
6602
12173
14092
30577
14459
6430
7009
25846
25090
60828
56900
25526
64950
52987
58841
27581
62819
32296
60269
59819
61795
33265
56516
34346
9374
62364
33804
52353
57732
29730
24907
15961
8726
54021
56979
18440
32639
64243
33806
29488
27950
36234
11900
16088
43303
64073
52528
17220
58106
21564
39958
55833
4582
65152
40293
13882
7599
54230
27767
55463
19566
951
29046
2243
48057
20132
10136
20251
3318
6133
42127
27647
11294
26544
55785
30712
23232
32147
20579
2784
37559
55899
18545
54445
13135
46106
4310
35108
58403
17411
46643
6980
59332
23720
37586
46852
33926
47639
27856
10412
850
41866
34675
55070
59640
59928
4858
23609
59278
7565
7872
59026
15248
22633
50639
728
64372
61907
61418
11741
55686
9036
61314
47856
40128
53872
40498
48976
55147
30054
63082
14306
22535
47376
19126
53617
65408
20104
19198
28030
11035
27984
17008
16189
48785
3461
25658
10669
60701
23677
6641
46484
15770
30497
14231
12013
51859
26843
32531
9558
24315
62372
18585
32640
31793
62605
25877
62255
63433
51080
50894
2399
18333
18775
29785
27985
32640
46103
40263
3191
11125
54733
65339
42455
62312
8970
56993
24350
8826
20066
26804
19693
64039
56212
25810
54580
62854
32043
62166
9571
9782
14955
65509
34933
52892
53199
30817
9905
32639
33618
17913
50404
57170
8568
37671
40899
14011
15699
36909
41165
53144
52965
3952
42091
50126
61476
17253
20132
10535
32640
14886
16239
56091
40450
65407
60477
28408
17018
24326
24705
1718
14792
2607
35427
41131
35510
28077
2461
39885
18843
51250
64948
50049
9647
13082
2814
32348
34187
49947
50049
42787
24807
38631
62515
61622
21755
3015
27705
45084
46300
33028
55516
50049
38345
65123
15725
63267
12625
10216
26646
47773
16156
6161
2878
0
36948
22412
31390
6407
11035
56658
27153
10715
12848
5536
11407
32640
50853
50475
30354
28380
18692
1265
6359
2260
58700
28840
5939
49783
16305
3308
46250
60800
30194
38750
28664
36704
6667
22822
32640
33529
47689
17759
40921
50954
33034
4515
0
60395
19993
20651
24587
18615
38482
23846
854
17903
2597
60931
3291
52604
46099
32300
10096
27203
61925
54762
51852
23603
25282
27772
38185
35620
39033
35709
18605
60824
60069
4162
34125
37957
28745
41535
1942
7947
20541
31486
35594
2518
35013
24210
19388
22400
12403
44076
54685
17840
56297
7320
65407
55685
31354
51700
60468
40163
20543
44257
5669
372
57932
65408
43717
28090
59106
38067
12657
53081
24127
12000
26928
42824
15107
55074
27384
39781
52449
38260
34396
60609
42770
14000
57018
61399
8318
33769
51559
60304
11884
63919
15540
23507
6401
63302
64027
8984
10065
51453
62901
32639
30836
44583
11020
20475
62997
24501
23865
2656
59529
36830
13481
38538
29193
30726
52545
42137
34800
7932
5735
58332
30468
32640
6160
46437
21187
50049
5508
65201
13032
2592
54163
15038
10810
63118
60518
13331
59746
44950
13538
52497
40797
5620
47235
6378
60589
43169
22812
24271
23735
20910
53798
19680
32146
65407
4293
53962
52429
38449
6602
52225
27863
38985
14715
52816
2090
26167
19459
62662
50049
15719
18634
20569
54123
19901
53234
5815
30201
24862
1475
63911
7257
26566
43468
31728
53671
60559
50401
16383
2118
4232
50487
64879
30571
41507
14886
15686
35307
15915
34688
11594
32897
57853
33572
19837
6649
44048
39663
7462
7656
42442
12022
32894
26064
5821
55948
51272
24127
26282
23575
11887
49772
6602
55535
48505
21991
9847
4111
59123
15739
30970
64080
11304
60570
37843
31639
53898
58740
46550
4390
677
6602
27129
693
24816
45226
25964
35759
64052
34686
59048
32639
56596
8349
40823
37554
13329
16343
25586
31468
28879
61882
57435
20050
65303
9201
10702
28504
63178
37180
55304
2486
3620
25449
33537
40186
9900
31741
61072
41254
48635
33506
4550
55268
27004
64545
48645
35626
38253
32746
50049
2254
48360
43408
64896
17793
54027
7213
47255
17312
18322
37997
56878
35968
59984
32639
1542
33498
29817
46451
57894
51547
55850
15368
45840
19195
65407
18127
28470
22813
32639
27313
15307
50049
45087
23560
33044
31744
14784
26461
2134
44506
1115
43694
47220
30157
3076
39663
5708
10890
38465
2535
29791
30460
22059
61898
56219
21337
46634
43689
10142
26225
33206
34685
42319
3667
52276
17058
35248
24455
33576
62475
42137
55620
32640
49179
4370
28004
60480
15944
17937
5734
11222
48363
28673
3416
46864
59984
2312
28824
41334
24711
4834
14670
46707
9153
40254
26504
52298
7718
18111
639
61805
30176
13191
24066
16996
43208
43781
56402
40306
24847
26496
63912
47946
58331
25801
65407
55028
49670
4452
53120
12365
41771
49875
7709
62575
43537
32160
10972
8532
27629
55154
20194
61626
36797
51192
36859
5380
28201
12568
6653
6004
38459
38446
25459
35076
56974
46668
15913
30345
7220
4621
10828
8056
42498
38463
16472
17736
27807
34277
45862
32424
6602
30110
20558
36191
16301
59816
31139
1669
285
26578
64143
15774
32640
36941
24053
62470
41158
23532
30192
27919
39150
1118
1938
51438
20143
36737
59756
10040
34456
22334
2100
15012
16439
55337
51979
55793
11837
54878
17408
23694
24989
22766
56637
40443
62224
64827
13339
55918
32639
56442
23948
62981
44147
23861
36146
51085
19205
25539
59373
6076
55448
17182
49623
58361
28121
15420
60467
4391
30723
17516
10277
35982
47614
38077
27579
27896
29619
46591
53972
15831
57457
62189
18929
56177
2054
59019
19322
13290
38691
0
53189
4406
35218
2205
17836
9870
33927
32640
25990
34834
35919
51306
38841
7337
27388
60774
33346
47978
43948
51276
29095
13000
17038
15484
13245
43756
32639
51905
58079
41263
48085
32610
38553
24213
62058
29943
43745
41791
45271
10635
14958
14594
23828
29394
29837
53825
9796
20817
5895
15854
4369
19320
24393
42261
32032
10197
30694
45858
0
47364
57096
63600
29836
51970
16952
48548
34341
9548
32912
37604
27248
48825
919
30376
29409
18930
58971
46302
5267
18502
61627
50049
63857
26218
15174
39937
19328
59553
8312
14451
3962
17163
60125
22004
19339
62348
19635
62267
33149
0
24815
47368
52569
15238
43979
33370
43620
10192
51357
62079
48024
41584
15441
509
23924
36383
60827
5058
15331
7818
30822
58948
24281
39834
34260
20005
29173
53887
24958
63060
3156
4395
65408
9398
42988
42564
32469
12697
44458
9321
21459
24254
16332
29461
26939
58347
6587
12701
43929
29640
7713
33158
39715
41501
29469
5300
63289
55387
57436
16253
50343
13282
50905
31435
60027
12193
11066
5078
39491
16972
33159
27466
46188
57673
46180
36152
12912
796
16639
29192
17397
43915
34090
1395
59221
17710
23972
38064
24189
36239
46014
54121
24531
48490
56620
13264
12830
12535
59823
65407
46084
36222
40648
50170
13043
7675
1690
48060
4060
51021
23143
31057
35720
14274
64350
55306
43208
24812
21533
39562
19220
9350
32215
61902
25189
37806
63785
30227
43643
42935
45172
30475
15844
56613
60865
3060
39506
11132
20318
28675
32047
14243
60087
32639
45483
26192
24370
47875
45700
26751
17828
35258
18065
27704
20721
5003
43316
28670
4976
60825
9778
22625
34712
25611
7700
60692
60276
63006
62004
4970
5536
32703
33440
34469
17447
2227
22225
6602
38656
60866
3073
60975
58063
44298
44412
45421
53768
4129
54620
57184
38453
30660
20565
9234
46358
37284
41871
859
56220
9166
31293
477
43699
45937
13979
25095
43630
26914
31879
11831
9837
13951
20992
34396
52925
59546
51619
35891
23989
32640
59574
37902
4515
52224
58060
23569
6442
19642
16991
26762
52012
26140
40588
20732
48414
38132
53217
601
27809
12752
18379
15701
57325
56475
22214
1923
28480
38599
62159
47516
44832
21478
10630
1459
11796
1248
2670
52570
34995
4464
8219
35738
1819
3201
53856
49394
50049
4119
23654
61841
18443
883
45514
44212
6123
29193
33752
32228
43436
65408
56976
61923
20200
26332
7875
33434
62699
13935
25219
13535
279
65408
58815
36723
2610
20550
42980
44678
35534
51362
60094
6602
43049
40492
24066
64574
17321
21113
58164
56417
33079
7341
4615
55626
27970
8369
12854
8201
24251
34883
33608
41576
11290
5611
26877
45245
36948
65010
24661
25370
2669
14744
17743
57100
32328
4181
27991
46386
20732
39141
48614
29444
43045
9047
6873
1440
22248
2825
18891
58963
38564
55320
5145
39806
57442
18644
7073
19247
33803
25015
33414
40287
50045
36973
46207
58745
39786
49934
7716
32157
13652
64247
42865
44613
54720
36356
27308
29932
0
5888
4936
14955
13762
26133
36835
37307
41652
13780
21226
27530
37461
25544
9197
13919
57303
9709
4841
12849
44872
65519
18198
42110
5015
32695
11545
52833
50252
7076
41718
49303
37861
14326
6125
22146
10625
20188
53918
57356
2077
60721
62696
52514
23918
56304
13073
20321
3783
50602
1566
29832
584
14248
32640
58475
23892
2967
20498
50310
53647
57987
16566
18572
61383
7929
45487
17762
3118
15568
31357
14995
14887
17512
53662
25802
63295
57126
29363
63731
52905
22546
25099
57385
29068
557
25267
24577
65407
52432
39760
2113
27431
31007
25266
45211
1689
54444
46216
44435
53557
6878
20738
12427
51211
38080
15643
32724
56632
57144
9762
51109
44729
64905
50049
10555
26784
56292
50844
64853
29917
9906
3309
50125
5195
60672
0
60309
25160
7993
45561
50994
63811
58607
58293
55957
30391
58390
10381
53283
45097
3152
6111
38669
63828
5053
65407
3086
59866
53316
65100
49735
6349
61218
31547
40065
10819
38684
53859
31224
1471
64492
24976
25399
45204
12357
40030
25794
31009
58703
15109
25238
56820
6602
41834
50189
11536
20546
32695
59126
65285
64504
821
46008
0
54178
9689
39130
11337
60283
39961
25209
17676
50362
10326
44600
11065
6424
25700
16882
62937
49650
16275
48278
59317
63529
62076
20314
44179
59874
33665
53308
58810
65140
31031
58333
17527
47381
27799
58008
57965
57453
22724
24327
40236
19093
23569
45373
15878
5124
33116
3087
54433
5118
5377
60554
53272
65201
6602
9968
51638
30513
36780
3846
50924
291
18216
53323
57586
55574
41330
32749
20693
35922
56754
61181
28416
4762
65241
14020
44446
16111
18730
44612
29183
4149
44067
7983
32369
19984
1936
48174
45994
41375
6623
8934
15996
29578
36638
49303
17740
45634
7864
11420
62910
27156
1554
63979
57664
23952
56099
58930
32801
52908
37823
19311
18649
51170
56898
27408
50914
10492
28025
27447
29563
42666
5838
20385
12768
10577
26772
65407
29003
19039
64837
8178
25160
32639
61505
51881
33984
1734
52450
56105
56936
12721
33767
34511
18516
34989
30026
15128
57340
52744
63463
10012
42722
57609
42321
36632
11158
19533
49311
55184
6472
31349
32649
50753
24639
46040
59521
19645
38866
31326
43565
35630
28648
286
40983
30641
16942
59728
50049
24538
33924
32688
61504
30771
53020
22672
1036
46359
44490
55465
42246
4897
22345
56851
46595
26028
43176
47057
26574
12188
11340
38630
28803
50887
9661
20918
45931
12896
52534
53315
40431
9061
6258
3037
21694
45896
1076
62375
15113
56881
23107
42859
34269
34357
29697
20793
1591
47539
48488
64473
11057
62239
34117
44846
50344
32810
5493
64144
56556
50060
36388
63514
16869
61919
14049
64522
40739
64160
34475
37242
57990
36580
56627
4158
0
43198
37572
9571
42397
33076
14163
10944
48416
19215
64432
19235
57801
26625
11703
45141
40055
45536
54346
36627
54844
51101
65452
63438
48221
9804
13420
18907
9968
26243
49116
63482
29337
38083
18023
31776
53185
55712
44902
8410
52714
34642
51246
45822
49999
21798
53863
8839
14035
1201
6968
6801
15477
29023
5818
21945
11368
64639
58730
26131
61371
39370
43081
63437
31780
36577
16740
51226
2420
47825
37900
31474
65138
48745
17812
23768
9368
2956
34378
25405
45923
65331
41788
34421
0
2194
33694
1574
62053
23544
40115
8732
20820
35487
54064
64625
24123
17230
12959
60647
661
46352
61325
62442
65408
12112
65407
65407
23632
46489
65407
44486
44043
29427
64671
5388
1709
63643
65407
40530
4610
16698
40905
32639
26972
21897
37703
63886
9601
49060
61803
60091
16998
46330
47124
33379
44276
59297
53045
8983
8535
57046
32453
63042
22341
40707
18216
17297
43138
51945
20450
59513
41872
2156
39403
16028
25577
5552
63419
4635
44535
29314
59003
45507
14696
38856
55011
42117
11571
21017
22073
26252
2241
39995
3176
27830
11924
46232
42965
11039
5888
2159
65408
37739
45953
25778
3249
37690
10786
29879
64608
56411
5673
42986
42255
16971
20579
3105
34489
50049
46452
26751
6359
29670
59969
57886
23034
42218
59629
19610
26082
61733
46065
7329
58114
38545
52513
63504
39692
57365
5843
5940
24018
39101
30116
27354
40071
40285
53591
