19525
48026
51062
14747
13131
52064
58139
63506
37435
19302
26045
24830
53798
7490
50049
40684
38201
43410
25539
41581
54652
60698
51654
46788
59018
62931
1508
61427
32823
35548
46186
48508
7747
49030
20872
13198
16355
60493
36566
8399
20095
49561
1876
17504
65304
35237
36571
55417
63602
48179
5900
40748
32517
17537
7122
7221
64693
55123
45251
42846
33068
39209
43817
55455
5588
58138
52376
0
38974
30640
20098
57741
11930
45924
1281
25715
15684
2887
36930
39111
40473
44764
1795
39945
36241
53309
8746
48928
34133
3058
52478
15440
59475
33821
42054
18147
7772
52591
20896
46366
441
65344
63221
12357
29555
28472
51281
26922
63711
58448
52225
10564
27357
19704
45814
4600
16345
2869
26356
14844
12613
44628
13158
45185
42876
65407
52240
5657
6870
47367
8326
59363
45306
44554
34122
62302
14099
25579
47568
1679
35050
35319
55358
11603
2042
23855
0
16751
32781
16847
8274
53137
4044
1056
13683
30463
38139
2253
14768
37256
39352
46511
21122
60546
53968
62586
40398
55238
6602
613
54726
806
44909
6183
25742
31543
6995
42718
37208
35913
31836
12873
58763
26983
63664
23879
42193
26854
10683
18104
12378
54176
49015
50168
4739
14815
21584
46668
64046
25858
37178
31398
31394
63541
49463
61364
34300
56975
19315
46889
6074
33460
32872
63043
43526
64701
6750
54906
59647
22363
29597
13330
52915
14330
65015
35177
31247
53276
34218
3647
53670
35282
56560
12417
58407
40744
64110
4138
62468
32639
47866
56996
16123
22541
53459
425
24239
27442
9674
36898
5971
20640
8420
20237
31842
32875
6871
56097
16317
39826
32483
7765
41145
11329
60223
5162
22741
56587
3586
20358
48992
35463
43629
39351
24662
28979
16212
23872
63937
47328
33430
38358
63069
39585
10331
23487
26964
53715
10672
37836
31290
32357
22284
49995
44240
15707
25776
2305
62459
54679
9542
24921
4197
23684
3254
58943
28540
24628
46667
27729
35205
60725
44633
43846
41541
60867
22851
32640
15053
57115
25846
18209
3733
53529
62729
45621
2082
38181
47239
65407
2626
6962
50049
36648
50990
43899
5309
17256
21431
15277
42779
39273
31876
24601
49699
7257
32640
34830
41474
36726
28331
49576
16402
29016
44396
25933
23917
60536
8226
5693
30517
26483
29978
8554
33892
64575
41055
24985
39672
40970
23278
50787
36011
8114
13532
61601
5404
13728
50602
20960
60166
3901
28728
53597
37897
20764
47124
9689
39303
50750
12256
26082
57069
2702
47328
5777
42310
6730
46931
65408
12024
60456
33766
32712
58448
55430
0
19468
21256
35071
30063
41492
44316
31415
28856
27028
35750
33952
27814
57995
60318
32120
53980
64998
60613
42120
64308
13379
9810
0
44354
4568
5613
50049
7375
59738
37981
43701
60453
61380
45935
11730
7400
43410
8967
19951
23044
54990
48042
11368
34033
9474
25414
42552
21130
51518
39850
4827
43029
44981
46485
11772
11980
63903
23879
53752
11957
10483
21171
40639
15234
21214
10957
1388
49739
63204
5493
41866
55422
7788
54504
39999
42590
52757
9606
64611
1481
1204
26410
41046
45414
32078
38968
30058
33100
40229
54552
36206
8204
61645
25971
37303
47187
55164
35772
42001
696
25139
40851
15083
35367
43189
18657
52601
39868
41327
42518
34165
34545
2356
1509
20089
32639
64581
27379
61503
25804
63759
4462
37563
16637
61061
57698
24348
23441
11835
3009
6435
60533
55521
65243
59159
39874
53903
7554
23690
62534
27228
31432
31126
62073
61631
9093
26413
36320
54849
6998
29200
63697
60795
58633
3085
24338
63725
49945
39067
34046
45793
33654
20627
44681
37270
3956
35265
13098
14565
52021
15001
42652
39514
51308
7119
14194
19205
14919
53264
54567
45253
46988
54552
37600
62705
56558
5591
22635
34974
19464
35663
60731
46061
26172
38067
5893
64922
8471
2853
42725
13041
16318
63751
1430
52871
60139
9219
13084
10005
44898
65408
18105
62695
23606
6602
19048
13457
51237
34105
45746
45328
7307
42475
18076
19660
64311
15257
62236
1867
4673
50736
34518
57327
16231
58046
8215
18853
55384
62415
35037
54314
62103
23861
50667
11385
61326
32885
62542
5143
60953
10578
34806
5306
35219
54541
1532
49369
65397
64922
31094
19693
32639
43909
32640
45310
37347
15435
43457
59910
50049
43598
10377
53627
47916
41798
65407
53155
6341
53362
11245
9632
19637
61339
50049
11899
37237
31741
34564
65307
12467
62885
17035
50631
61401
57664
8288
42865
59943
25538
32368
27202
65407
48217
32639
11652
40263
23551
33333
9252
61432
54217
41207
14926
52356
59587
62673
59033
53513
50302
13324
31640
51186
56767
64268
13062
29707
18276
59855
45448
15160
57989
38700
49093
32639
65408
22480
19087
2016
38566
11993
32640
43980
9008
39438
1540
40324
44835
3160
12307
48819
18463
17979
24278
58744
47552
34362
60343
40110
13725
19670
63937
17823
31874
24881
23784
25145
3533
29889
29676
52703
3502
2556
24270
9979
50328
62639
20957
59026
6602
38775
3724
2875
32639
62002
51952
37509
24905
35307
28013
43047
8868
14826
13536
42986
32889
36518
26870
20407
44631
30315
24618
62328
12716
18676
24152
4641
50706
29069
40164
29806
62343
55406
63502
34981
49936
12154
50197
33595
63777
28366
13158
19926
49103
15963
287
30256
30464
1925
45691
45196
39098
47782
44180
20906
21768
43184
12229
36600
5545
41389
46586
13311
48539
52191
61828
45818
2248
36975
38030
6399
8599
44706
7343
38263
55925
17358
58812
17235
53322
28101
16724
37337
54812
57807
49629
52630
19209
30645
10417
9654
23416
57205
51604
57112
53708
56421
54733
63245
11306
28327
37142
14719
55921
59275
55667
6602
8049
43246
24141
43853
50522
38206
29870
8000
26020
3021
54848
5227
42314
23469
50947
43252
31114
15175
13220
61907
2718
53959
60076
28287
31300
33827
48501
57981
53547
9463
32529
5349
65408
65333
17344
2878
26743
62031
64074
18759
43134
2850
33455
36462
33698
55880
57503
35013
15058
9367
45967
44878
42728
5324
6242
44973
51794
21981
51352
20311
1491
16134
22323
9006
35993
62649
18499
40744
5901
15873
52284
47612
25707
14646
48500
29087
47900
52675
40080
56765
23912
23791
38422
6818
64300
61629
30284
31218
48060
51173
9266
29047
10925
36301
35399
49389
25677
23377
24837
25046
44213
28164
41027
49081
62389
27864
44023
51786
63387
50049
6602
49103
8980
56016
35178
24169
26661
57295
54636
10678
34796
19618
18401
64357
25574
26810
2286
46170
64490
50825
19768
16367
49786
59097
64861
17799
53721
46337
13292
0
33863
64513
11465
48788
64009
41938
61090
44192
12568
41376
20287
28414
15343
39979
32287
59776
22888
40072
64500
40236
28990
6577
63110
32640
29169
4262
39824
60006
19854
32640
62221
33950
64131
32201
34515
14378
11087
24572
59185
57115
37988
3521
52438
65408
65407
59043
49382
20876
55981
52128
56962
25595
35803
55195
59418
36318
27569
24925
42571
58667
31202
42425
40202
44806
57517
22914
53359
27159
56421
45483
50049
53887
3766
32771
6381
29319
22288
63665
32639
60547
39850
55543
20700
20393
63957
43306
20373
38752
58265
35732
23638
1930
25415
10073
47161
50049
59644
48021
7442
65408
3379
14610
44041
36314
28024
31897
42956
8515
16963
50866
2546
5886
50124
46117
2102
22533
64877
38927
55580
63813
38281
7798
37864
12785
12173
65407
54328
44180
54268
45114
45147
16667
44218
48447
52442
29737
11562
4947
26484
51499
54686
29585
53215
11498
36875
49921
23580
6095
25550
40921
19545
10874
30815
12778
32640
48269
22800
31584
9642
22397
58580
37220
50771
37680
19643
6210
17770
36379
15620
30674
56143
9197
37188
16486
24826
63322
57904
54247
61852
4249
23213
62570
61057
7829
1379
55947
60811
39830
7610
57664
4003
65479
26247
13320
32639
61079
64383
21381
63890
41896
11799
46319
35463
48980
42917
65403
60878
57703
21519
18295
55027
5542
35656
50960
21053
22465
55044
2419
43527
55062
10371
49190
9089
32640
62504
29780
16097
47496
62513
17073
37146
31517
53327
6803
63793
19708
14371
40829
4243
21342
12609
59891
3045
33781
50049
6602
6710
65408
32289
52890
15353
59938
45323
65128
41562
25488
39450
18483
49342
13735
31253
41622
46125
16077
17881
63748
29141
31512
2091
36924
65407
21064
50049
9999
57447
18835
54676
27899
46602
35922
11880
4959
56875
40104
39290
25444
40982
52652
28626
34517
29645
31808
7073
64576
18797
19625
42859
8570
58342
19025
6395
29304
35230
13698
40871
15814
49854
19910
31515
15619
34237
21757
60022
58356
12209
62199
42911
36725
55568
59166
20635
37533
49661
37688
53184
32867
48954
27847
59678
37397
35658
30115
61100
47582
28143
35899
46536
47288
36049
48226
34401
57612
53061
20864
62511
40624
65301
62001
28377
1441
31505
38696
19259
0
39131
884
18691
25226
31351
64478
17115
8799
64899
40998
8931
17253
10550
44150
41949
47059
31415
51048
13549
25238
48158
21058
47412
484
26745
65299
17960
12793
62228
23679
22439
33197
56322
32138
47296
22787
29368
22166
65047
51144
11700
1315
2365
52630
5479
6443
61931
14562
50049
46973
40215
31400
53028
37662
46079
3596
40721
38650
39172
25969
59012
29844
27822
4454
57915
33286
55830
42801
27258
56790
59983
47182
57110
64017
60635
10206
31494
465
3360
14766
52479
56559
3520
3160
60598
4996
8678
48342
34592
18198
34175
18404
44828
17945
36834
29102
5969
20986
33372
64502
31965
21053
27713
61798
42195
1210
63904
4247
57177
6273
13030
64744
28228
54735
51336
21864
970
20787
65473
27669
64942
0
14987
9533
34858
58421
28355
8348
0
41408
28581
21802
63470
35271
26648
25177
30306
4584
51868
46545
32344
41240
41237
42807
47115
13870
35185
11378
34566
35836
53854
25175
49772
56531
4258
4469
7336
10028
34453
62138
43249
1089
59339
14728
11382
55773
9527
57958
49705
43745
55356
33821
2067
60396
54890
14234
65408
37697
51045
16702
7992
16644
4919
49340
21661
58910
56732
11550
5639
26681
56627
17715
63343
37055
7603
2809
15814
25898
38653
53446
5666
10317
29312
9243
55415
37662
37254
21651
64326
14300
15205
14328
65374
50049
26121
37194
1573
46675
53446
14917
63463
21848
57840
65408
61006
36088
48677
64604
10454
54396
23590
64133
44490
41508
36023
32189
4524
49711
50033
24418
58430
29383
16415
64475
40501
18421
35990
3282
44606
36512
45192
33532
64749
16455
28015
57923
3954
19562
39821
17387
48743
52208
46484
6763
17157
19962
35742
30282
12541
12490
10614
13235
43051
48447
41880
29141
27046
30131
50347
24781
19954
32376
7931
48747
31442
18369
5350
34217
32469
58267
21028
60595
8465
45357
21807
57234
31506
35607
35826
33132
29119
56069
32640
6012
51949
62672
10358
23916
6602
37247
9743
42872
33764
47416
41338
16843
7400
963
23745
57883
60778
8993
59509
54021
65407
38712
34747
35119
51534
2000
6602
513
29639
21469
40541
37056
60223
35146
4320
60603
8075
4903
53737
8619
20777
64263
32640
17268
6948
6550
6606
9161
23089
55315
16098
2167
36356
35837
32639
50549
51237
35737
44409
29900
47952
21556
8329
52573
3724
14174
41711
32620
16895
63812
36142
35001
44518
36976
46259
54811
39659
21788
35225
14931
52434
11949
44917
28200
325
5279
25372
32639
62733
31732
64076
35930
60319
22234
42824
52081
41907
59967
13278
37639
63764
38200
44892
9661
53159
17767
52382
27822
61652
31633
25943
59711
4104
20794
65059
3415
18088
64702
44909
53964
14816
63225
57243
20964
51795
40397
10291
53887
25464
21529
42404
15907
39392
64650
10505
15720
6704
20634
59924
59894
15027
43428
26195
59237
55102
39349
38790
47358
22185
58812
19310
14964
25726
1121
900
21619
28516
65408
2965
6602
48880
50439
33773
4535
29544
60916
25327
2097
38003
19470
4110
51308
33801
25490
11600
35194
10955
7103
49528
32639
20087
20396
24826
35372
40544
61548
30276
64814
16132
65407
55042
19272
27981
15048
22231
53350
29728
60116
63300
20958
51811
32592
18162
33558
33050
64147
38448
35445
17813
6412
48704
41849
9864
53226
60640
65408
59986
19022
61108
61060
33179
12211
31459
47597
2095
10741
52536
0
21771
0
23754
23903
59519
35510
19066
57700
63928
25478
11803
42304
53068
616
22457
51941
490
46892
21930
17438
10641
39242
65471
5048
42603
24150
40090
29150
53649
50048
1811
56204
3047
6288
18239
16829
20104
57970
15456
34166
62375
30614
12541
47675
12711
37736
23355
3013
64031
30981
30838
49640
50049
47537
1059
33715
58052
64189
51848
12702
19797
65155
49482
15040
40511
4382
15440
25791
16341
24887
57362
4303
22999
50322
6748
61375
63894
42791
22143
9719
54838
51833
19064
20186
21859
9646
9391
51145
19615
59353
50287
40524
35848
57684
31969
42549
37718
29609
53097
58408
59066
56845
4137
24254
55524
32480
31340
2689
45501
61314
11518
20326
7342
53994
4636
19876
23222
9476
25467
3979
11900
4097
63423
55304
57166
60067
50726
9265
17463
49623
32507
56253
55802
16710
14277
23627
28735
57168
59861
36875
45164
31606
24177
33472
5651
33117
57565
32640
51822
1814
33913
10924
47532
18930
8014
57111
60777
32640
57324
49440
7941
63478
35703
41981
39815
48180
35356
55306
16962
26612
54146
60287
26441
64885
56822
65408
0
55635
32640
34924
30863
60324
21946
27928
32640
15155
3653
47063
55629
38848
56874
21005
39991
26586
58234
8423
64993
20156
50537
16026
37217
23419
39285
62306
42877
53004
36669
38623
50986
6186
64919
12037
41099
25518
45560
57456
21675
42129
43060
56340
23994
33680
55889
54469
61290
32639
25853
46964
61089
51421
49415
26720
37514
27900
58097
38198
32908
58874
35864
52866
35264
32582
47960
6602
43133
41690
4718
33529
50049
9279
19085
45434
20276
2026
11688
45913
27701
8449
7600
3849
50500
10398
0
61827
23065
40007
27698
51325
19485
22423
5539
49116
32640
11609
38675
7014
31656
31338
59195
65408
36684
2187
53420
33955
55330
8466
32639
58399
42962
28770
30700
30456
10002
35158
32036
36657
61286
46891
62343
35625
42952
55288
25546
48932
1717
60881
65408
36308
61722
19359
5991
9251
58416
50168
35975
24950
1105
47848
39007
23420
2630
15960
10480
65407
1119
2665
45755
10837
33020
56992
6602
8769
18508
15106
13024
9773
12210
51710
36806
65007
6069
22082
57255
54925
64864
19926
6615
52156
38730
51659
7217
53425
20226
14684
39260
37216
60923
25937
45079
59087
14545
57589
39931
57457
16946
0
24087
61905
2842
16863
41860
38915
1774
21931
64694
37069
24638
55116
50195
15097
36220
34810
21099
21330
14850
39313
49120
41080
58751
5839
13503
5765
45370
30134
22904
53168
4344
3767
57403
61290
19239
20100
30208
21592
5295
45411
8124
46079
65408
39545
6791
11586
52731
995
49707
26056
57461
62464
58903
26059
49124
59166
50049
4408
41457
42800
11290
37649
30880
27407
8890
31041
50672
1209
6839
47641
26637
4379
38586
44973
33456
31423
64876
2974
56147
34425
4487
47468
65262
26375
52789
24718
65408
18981
28130
58113
21670
52015
63119
29516
6687
37230
30463
3808
17881
62662
53974
52089
8988
1545
5321
44130
22949
31635
51198
33051
25995
32975
33789
53592
20824
40572
21844
47217
43575
31609
10216
33387
24837
54262
52265
34771
27444
25130
24438
61624
58485
60637
0
52602
6602
46657
31087
7209
54668
4936
14532
57020
40027
51170
52182
27603
58196
58662
5781
374
24348
50089
6332
6424
8949
4114
37612
11966
47817
1699
31452
10310
54761
51498
34596
14585
15816
45778
11796
45654
8637
11434
3526
9488
64978
13614
11887
32783
62699
6115
26002
51545
65407
53178
8509
18421
38261
45096
54871
25682
56548
59699
15378
41442
9975
59842
46342
61503
24634
467
28956
51144
42686
64586
59625
36954
7672
28302
53869
44899
10712
12571
61641
2632
24130
31361
53233
59624
24682
23783
61348
34106
40026
28252
20612
59672
28387
21243
47953
36593
7912
56286
29643
38486
42867
22993
30941
60826
14097
19795
59114
8888
13036
14358
31988
18900
20550
2643
954
50049
37224
731
11101
41251
8730
65407
59522
52971
62064
22597
28282
61778
23991
40571
19490
8142
6602
1574
8470
7812
49193
17125
23087
46268
27757
13876
34568
30457
26513
52144
46855
29100
3590
13948
36373
21253
54070
28334
39909
55793
43034
49455
19679
11997
34381
28145
37834
6661
8605
33177
42202
20562
55004
35097
53488
35074
27649
23575
51558
52760
38540
30686
51296
62679
11445
35219
0
45955
49874
58714
44985
22708
20121
2946
13332
17956
53831
64545
4180
43671
48392
31097
32477
49814
25864
6835
56188
21794
25628
5179
16548
6272
20718
30735
42508
51114
11380
875
26839
64634
12318
1283
7648
14362
24741
12498
1016
55056
32639
19684
50249
22405
0
2804
63187
11026
65407
30530
26652
45571
1971
52172
52969
21802
11529
15089
2409
17660
22338
50809
10254
25829
62929
53605
63117
5024
5738
12263
63144
3071
4693
55562
45075
29230
2851
6251
63153
29053
16608
25784
20524
50551
58208
17736
14378
50066
39386
63986
23983
44023
34761
48329
45699
42263
23769
24437
59365
58142
50357
63843
27266
17618
28659
40467
38970
61958
57203
18290
13464
5365
40613
60160
8252
65407
525
53109
46681
5492
62585
58497
64296
27716
41889
58480
11933
54629
15194
34637
41306
26646
19310
1665
12080
45891
37030
39181
56289
51632
38158
16721
47655
61353
56759
30846
1230
56161
62992
14917
6557
44005
21664
56086
6819
40138
45249
28248
22757
41489
34115
57687
56825
34330
63569
58259
14446
46138
2085
28384
16178
58845
50504
57166
6786
2117
50405
23355
32115
6095
58493
20361
63995
30018
40202
51485
58828
54463
38631
19974
33899
17066
53251
25232
18159
34066
59003
30987
43966
51000
12031
42749
47713
16541
50575
45712
16281
42941
13696
63126
33493
31080
38736
42988
31553
10547
40429
6602
22577
6298
28867
60850
35155
23095
41810
1665
38985
33544
257
51735
6444
39541
59838
61174
15083
8825
14509
54884
1966
20508
60952
24851
1252
60814
22273
33631
62071
28351
62475
44935
2247
6602
10724
18134
15660
42125
61403
21709
23286
55825
63019
23795
47000
45512
12079
43513
15039
49786
40479
21951
16403
46696
13795
62901
20264
63121
1684
21013
16883
7251
18957
28621
10772
29121
43242
30835
25699
52472
52906
467
5288
781
35294
905
51191
8366
37502
8243
17012
8846
36921
61894
14891
22210
36668
17111
35363
10797
1186
1591
47138
577
64867
64761
38008
60056
48575
21075
63748
2319
8281
54947
62625
32085
51774
944
62823
12080
58139
16798
7362
60399
7527
18911
30297
59893
55243
44895
16247
40562
27746
25031
59120
37239
41333
4739
62376
5010
54502
61249
58678
3332
58763
60932
8866
4327
8394
51226
25814
21505
19487
65059
26918
34226
31441
18508
60458
22672
62489
45058
54050
15188
52606
21702
33690
31839
61610
27485
11908
51922
17695
26717
11839
6741
33370
18637
29836
43432
41442
65407
6544
55564
59174
15330
49065
59519
19340
28441
2293
961
662
45561
38385
25041
47758
11225
47821
54523
31939
17283
5123
21595
20494
45489
59711
17418
1601
7653
38823
63642
39339
1067
31221
48197
33435
11098
46676
35109
62171
39921
11468
53283
32130
1963
24953
63830
3623
13862
64082
36662
54388
38405
2401
53167
9105
32639
23441
10688
9570
8683
7748
61233
47405
53180
26792
26250
23023
54441
35042
57691
58815
14090
42274
5680
7008
28531
57826
35385
7251
42426
2181
53551
38799
32640
58455
9626
6794
55290
27954
27873
4961
40104
46443
38711
5494
10360
48062
3102
50079
19969
24316
28536
45614
8921
16438
35343
47141
1975
53985
34944
59607
7316
65407
25728
43646
28546
1115
30909
24420
13493
59300
27157
47168
53649
46306
39790
32622
2852
47672
36895
366
51268
56893
58250
23726
15464
38266
31202
20468
14702
4613
22169
11243
51823
45844
33162
29227
3438
63744
31286
24188
58161
32639
51892
22527
3886
41976
44576
38700
6264
60219
43659
58142
23178
56569
27560
42172
34501
54038
53959
59946
47748
54161
44277
38917
7799
46816
56112
20786
31685
28805
50062
28405
11992
12992
32537
52691
16225
34459
745
26590
6602
9857
57906
40942
8938
51178
7651
25768
27556
54319
58756
48401
49383
13977
7645
43678
